1101000011011111001011100001010100100001000011010110000000000000000000000000000000000000000000000000
1001100001100110000101000111000000011001011111110101000000000000000000000000000000000000000000000000
0101000100101010110001111110111000010101011111100000100000000000000000000000000000000000000000000000
1001010100011111001010101001000111001011011101010000010000000000000000000000000000000000000000000000
1101011100010111000101000010111000011100111110110000001000000000000000000000000000000000000000000000
1101010011000101101100011110001111010100000110011000000100000000000000000000000000000000000000000000
1000110011011101100100000010001000111101111100101100000010000000000000000000000000000000000000000000
1110101100110011100011111001011111111000100111000100000001000000000000000000000000000000000000000000
1101111000000100110010100110010001000101100110001000000000100000000000000000000000000000000000000000
0010001110111100000110010100110000100111100011011000000000010000000000000000000000000000000000000000
0101001110111010100011000111101011011101000001011100000000001000000000000000000000000000000000000000
1000010101111101000111011001111101001111111101011100000000000100000000000000000000000000000000000000
0001001011001000101110000111011010100001010111101000000000000010000000000000000000000000000000000000
0000000000010000110010100010100010001100000101010100000000000001000000000000000000000000000000000000
1000011000011001110110011000101001000111010011000000000000000000100000000000000000000000000000000000
0101010011111110101001100001111010110001010010111000000000000000010000000000000000000000000000000000
1111011011101100111100001100101111101011111000001100000000000000001000000000000000000000000000000000
0001100000100101000001101010011000001011100110100000000000000000000100000000000000000000000000000000
0001111010100001000100111000001011011101011000010000000000000000000010000000000000000000000000000000
1000000111110011011111011010001010010111100110000000000000000000000001000000000000000000000000000000
1011011010100001011100110010001011110011001101111000000000000000000000100000000000000000000000000000
0001100100001111010111110110000000100001100000100100000000000000000000010000000000000000000000000000
1011100101011011111100011000001111111000000010100100000000000000000000001000000000000000000000000000
1100010010011111001010011010101000010100001000001100000000000000000000000100000000000000000000000000
1100001000100010000110100011000011010001100000101100000000000000000000000010000000000000000000000000
0000100101010000101101100001111100101000011110000000000000000000000000000001000000000000000000000000
1011110101110011011100010001110010000001111011001000000000000000000000000000100000000000000000000000
1110011101000110111011001011101011011100011100110000000000000000000000000000010000000000000000000000
1110111010001110010111001110010011101010001001110000000000000000000000000000001000000000000000000000
0100011001011011001001000011010000100111011110101100000000000000000000000000000100000000000000000000
0101110011111011111101101101111110111111100100101000000000000000000000000000000010000000000000000000
0111000101000101101101010110001100001011000101100000000000000000000000000000000001000000000000000000
1001000010010010010001000101100110010011011111001000000000000000000000000000000000100000000000000000
0100110111010011100101101011000010010111001100110000000000000000000000000000000000010000000000000000
1011010100101101011110010010101100001111101010100000000000000000000000000000000000001000000000000000
1101010100111101111111100101011011111100101010001000000000000000000000000000000000000100000000000000
0110011111101101010010011011111100000100111110001000000000000000000000000000000000000010000000000000
1010001010011100000011011110111010111101001100101000000000000000000000000000000000000001000000000000
0011111001001010000110000001000111100101000010001000000000000000000000000000000000000000100000000000
0000100011011100100001100001101011011000110011010100000000000000000000000000000000000000010000000000
0101110000110110110110010111011101101000000111010000000000000000000000000000000000000000001000000000
0000011110000100001111100101111101100100111001111100000000000000000000000000000000000000000100000000
0001100110000000110011110011010110000010111100010100000000000000000000000000000000000000000010000000
1101111101010101110111100111101110110001110101101100000000000000000000000000000000000000000001000000
0010111000101010100111111111100011101010100100110100000000000000000000000000000000000000000000100000
0110101100111101010100110000110011100000110000010000000000000000000000000000000000000000000000010000
1101001110101010010011011110111101011110100010001000000000000000000000000000000000000000000000001000
1011011110010001000001111110101001101000000101001000000000000000000000000000000000000000000000000100
0001101110111011110100010000011001001001101010100100000000000000000000000000000000000000000000000010
1001100100101100101001010110010111000111000110110000000000000000000000000000000000000000000000000001
