10001011011100000100001001000010111100000111110011011101101001100101100001111101000100111001100000111000000000000000000000000000000000000000000000000000000000000000000000000000000000000000000000000000
10100101000001000010011101010110110110001110111010111000001010111110010000100011000010110110110110110100000000000000000000000000000000000000000000000000000000000000000000000000000000000000000000000000
00000111100111110000011101011101110001100001110010001001011110101000001011001010110111100000001001100010000000000000000000000000000000000000000000000000000000000000000000000000000000000000000000000000
10000011011110001011010001100000000110101011100000011010100010001011100110101010001011101010111000100001000000000000000000000000000000000000000000000000000000000000000000000000000000000000000000000000
10010001000001110010111101100111110100100000101010000110000110001101010111001100010111011010010101000000100000000000000000000000000000000000000000000000000000000000000000000000000000000000000000000000
10001000110011011000001010110011001000101010110101110001101110010011000000101001110101101010110000010000010000000000000000000000000000000000000000000000000000000000000000000000000000000000000000000000
10101010100001010110110111010011011000010100010101000001000001100110010101000110110100001100000111000000001000000000000000000000000000000000000000000000000000000000000000000000000000000000000000000000
11110101101110011110101000010000010010111001000011101110000001000100101001100001110010100001001110010000000100000000000000000000000000000000000000000000000000000000000000000000000000000000000000000000
10110000101101000000101010110110100100100101101110111110000100101111110000001010100001110000000011100000000010000000000000000000000000000000000000000000000000000000000000000000000000000000000000000000
01011110001000100101101010100000001111011000010000000111001101010000010000010100110011100010010000100000000001000000000000000000000000000000000000000000000000000000000000000000000000000000000000000000
00011111101001111010000010100100110000111111011101011111000110000111001101111111110100000010100000110000000000100000000000000000000000000000000000000000000000000000000000000000000000000000000000000000
10000110001010110011110010000000010010110011010000110001000100010000100110011001100000010111101111110000000000010000000000000000000000000000000000000000000000000000000000000000000000000000000000000000
00011010111001011100001110110000000010000110000100001110100010001011110000110011111010010110001100000000000000001000000000000000000000000000000000000000000000000000000000000000000000000000000000000000
00000000101101101010000001111011000001100010110011010111100111010001110001000110110101011000110001000000000000000100000000000000000000000000000000000000000000000000000000000000000000000000000000000000
10010010101010110001001001011000000001101000100100010011100001100111010101011010011000111100000111110000000000000010000000000000000000000000000000000000000000000000000000000000000000000000000000000000
00001111110100111100001110010101111111110010010010100011100101111011110111010110010001010000111100000000000000000001000000000000000000000000000000000000000000000000000000000000000000000000000000000000
11011110110010111111110011000100110011111101110101011000100000111011100100110011101011110110111010000000000000000000100000000000000000000000000000000000000000000000000000000000000000000000000000000000
00100100000111010011101101011110101111010011101111111101110011001100010100010100000001100010100110000000000000000000010000000000000000000000000000000000000000000000000000000000000000000000000000000000
00111100000110011010010000111110110001100011101111110001111111010000100101011001011111001000000001000000000000000000001000000000000000000000000000000000000000000000000000000000000000000000000000000000
10001101011011011001101001010101110000011001101010101011011011011101100101111100100001110110000110000000000000000000000100000000000000000000000000000000000000000000000000000000000000000000000000000000
11011100010101011101010111100001111000111111010100111001100111001001100111000011100011100000011110000000000000000000000010000000000000000000000000000000000000000000000000000000000000000000000000000000
00100011001101000100100100010000110100001100010001110000111111011110101101000101001011000110000110100000000000000000000001000000000000000000000000000000000000000000000000000000000000000000000000000000
11100011110010011110001101111111101100111001100101110100000101001011101111101000110100011001101001010000000000000000000000100000000000000000000000000000000000000000000000000000000000000000000000000000
10001011011011110000010010011101111000100011010100010101110101101011000101100101100011110000001111100000000000000000000000010000000000000000000000000000000000000000000000000000000000000000000000000000
10010101001101001000100111000011100110110000110100111010110111011011101111110100101001010101111001000000000000000000000000001000000000000000000000000000000000000000000000000000000000000000000000000000
00100000110100110110011001110100111010111100100111010001100001111011011011011010001110010101100111100000000000000000000000000100000000000000000000000000000000000000000000000000000000000000000000000000
11100101010000101000111010010011100010001100001001100010110100011001011011000101110000110001011111010000000000000000000000000010000000000000000000000000000000000000000000000000000000000000000000000000
11010001111011111010010101010111101000101000001011100011000010000010010100010100100100101010011011000000000000000000000000000001000000000000000000000000000000000000000000000000000000000000000000000000
11111011001011001111010101010000111110001000110101110010001011001001101000110010011100111010110001000000000000000000000000000000100000000000000000000000000000000000000000000000000000000000000000000000
00010011010001000101011110011010110101000110001101000110001001101100100100001001101101101100101010110000000000000000000000000000010000000000000000000000000000000000000000000000000000000000000000000000
00101111110110111111100111111110111101101111111101001100011110000011001111011000000101111001100110000000000000000000000000000000001000000000000000000000000000000000000000000000000000000000000000000000
01000000110001010011000100011100001011011101000111100111110010000001010111111000100111101111011000000000000000000000000000000000000100000000000000000000000000000000000000000000000000000000000000000000
10001001000000101001011011011111011001001000110010111010001100110100100111101001010011110101110101100000000000000000000000000000000010000000000000000000000000000000000000000000000000000000000000000000
00101001100111001001010100101001110100001101010011101100001100011010100110001101111001001101100101110000000000000000000000000000000001000000000000000000000000000000000000000000000000000000000000000000
11000110011001110011111101110000101011110001111010100110000011101001001000110011001001000100010111110000000000000000000000000000000000100000000000000000000000000000000000000000000000000000000000000000
10000110111100011110111011000101110100111000101111000101010111100110000011010111011110000100110101110000000000000000000000000000000000010000000000000000000000000000000000000000000000000000000000000000
01011110001011110000111010110111101000110000100011001001110101011001011010101110100011100100101100100000000000000000000000000000000000001000000000000000000000000000000000000000000000000000000000000000
11011010001011111110010111011111010111010101100001001000110110001010001111001010101001010100110101100000000000000000000000000000000000000100000000000000000000000000000000000000000000000000000000000000
01110011001000001100001011111011000101111110011001001111101101011110110001101001011111010000100000110000000000000000000000000000000000000010000000000000000000000000000000000000000000000000000000000000
00101010100100111010101001011100111101001010000000000111110010110001101000011101101010011001001110010000000000000000000000000000000000000001000000000000000000000000000000000000000000000000000000000000
00100101101001010110001000001000000100010010110111110110110110110010010001011101001111110110100111010000000000000000000000000000000000000000100000000000000000000000000000000000000000000000000000000000
00011000011100110100110110001011001011111000110111000001100100000100011001010000110100110001000101000000000000000000000000000000000000000000010000000000000000000000000000000000000000000000000000000000
00101000101101001001110000110010000110110100001011000111001010101010111110011010011110111100001011100000000000000000000000000000000000000000001000000000000000000000000000000000000000000000000000000000
10110000101101111100100111000111011011001110000010101011000111010111011100101101111010010100110011000000000000000000000000000000000000000000000100000000000000000000000000000000000000000000000000000000
01110111101111101111100100110000111111011001010011110100100110101011100100000100010100100101011001000000000000000000000000000000000000000000000010000000000000000000000000000000000000000000000000000000
01110110000100101100100001000000001101100101111101100010111111111011101111101010011001000111101010110000000000000000000000000000000000000000000001000000000000000000000000000000000000000000000000000000
10011111001011110011101011111010010000011001101001001000101111011010011011010001000001110011011101000000000000000000000000000000000000000000000000100000000000000000000000000000000000000000000000000000
11011000000111110110000010100110110101101010011001111101111011100111100101001010100110001110011001000000000000000000000000000000000000000000000000010000000000000000000000000000000000000000000000000000
00111111100000010010111101000011001011010111011110011011011110011110111011111101111000101000011110100000000000000000000000000000000000000000000000001000000000000000000000000000000000000000000000000000
10100110110001001001001101110111110011110001000110000111000110000010110001001100101010111011010011110000000000000000000000000000000000000000000000000100000000000000000000000000000000000000000000000000
11001111001001110001001111100110000011000000100111110001001001001100101010010010001101010110100000100000000000000000000000000000000000000000000000000010000000000000000000000000000000000000000000000000
01001010011011000101111111001111100001011100011101000000001000101000100110101010010101100100010111000000000000000000000000000000000000000000000000000001000000000000000000000000000000000000000000000000
11010000101110100111111000101100000110010100111101100110101000001111111111000111000111110111011111000000000000000000000000000000000000000000000000000000100000000000000000000000000000000000000000000000
01110111000001011001111101000110000011010000010101100101011101010010001000011110101001110010011001100000000000000000000000000000000000000000000000000000010000000000000000000000000000000000000000000000
11110111011000100110110101101101001101111111110111001011001100000111101110010011100000100001101011110000000000000000000000000000000000000000000000000000001000000000000000000000000000000000000000000000
11101011010110011110010100001110001010100011100100001010100010001000101010010100100001001101000011110000000000000000000000000000000000000000000000000000000100000000000000000000000000000000000000000000
00101111010000000111110010100000010101110010111001000000111110010001111101010000001010110011001001000000000000000000000000000000000000000000000000000000000010000000000000000000000000000000000000000000
10010101001101111100011010110110000101000011000111100011000000010100001100110001110010101000111001110000000000000000000000000000000000000000000000000000000001000000000000000000000000000000000000000000
11100010100010101011010001110101000000100000011001100100101110111100011010110000011110000011011011010000000000000000000000000000000000000000000000000000000000100000000000000000000000000000000000000000
00010110010110100011001101101101010010100001011110101001011000100111100111000001110000111111001001110000000000000000000000000000000000000000000000000000000000010000000000000000000000000000000000000000
11010100001011001111001110111111010111111010110001001001000000001101100101011110100011110110101111100000000000000000000000000000000000000000000000000000000000001000000000000000000000000000000000000000
00111111011101111011111110110111111010111101010111110101010001001101111000101010011010110001010110000000000000000000000000000000000000000000000000000000000000000100000000000000000000000000000000000000
01001000010011100001111001110111111110101111110110110110111110100011100111001010100100001100001110110000000000000000000000000000000000000000000000000000000000000010000000000000000000000000000000000000
00000100100000000010011111111011011010000000100101000101110111001001100010111100011110011110001010000000000000000000000000000000000000000000000000000000000000000001000000000000000000000000000000000000
00100101110100001011101001000110010100010101010000110011000000011101101100111100100101010010110001010000000000000000000000000000000000000000000000000000000000000000100000000000000000000000000000000000
11101110001001100101100100001010101010001011000011110110010111001110101010100111010001000000001110000000000000000000000000000000000000000000000000000000000000000000010000000000000000000000000000000000
11101010110010011001100011011101110011101011111011100000100001101010011110101100111111110010111010000000000000000000000000000000000000000000000000000000000000000000001000000000000000000000000000000000
01000011001000100001010001100100011101010010110100010110111100101001111010011111101001111001001100000000000000000000000000000000000000000000000000000000000000000000000100000000000000000000000000000000
01100001010100001111100100100110111110111110010110011100111010111001111111001101101111000101011100110000000000000000000000000000000000000000000000000000000000000000000010000000000000000000000000000000
00011101111100000111010000000001000010101010011011100001110110111110111011011111111111000000101110000000000000000000000000000000000000000000000000000000000000000000000001000000000000000000000000000000
01100001110100001101011100111011011011001110001000111111110001011111010011111000100000111110101011010000000000000000000000000000000000000000000000000000000000000000000000100000000000000000000000000000
01010011111110000001000011111100100010011000111110101110111001100100010110100101010010101001110101010000000000000000000000000000000000000000000000000000000000000000000000010000000000000000000000000000
01011101110100011100000011110010110101010101110110010110111110110101110111001011110001111101001011010000000000000000000000000000000000000000000000000000000000000000000000001000000000000000000000000000
10100111000100000110000011011100011101000111000011101010000000111011000111011111101101110011111011110000000000000000000000000000000000000000000000000000000000000000000000000100000000000000000000000000
10000000010001001101000010011001001011010001111010001111000011100011101010000001001110011001101001010000000000000000000000000000000000000000000000000000000000000000000000000010000000000000000000000000
00011100011001110000110001001011110110101110100110000101111101011011010000010010111100111011010101100000000000000000000000000000000000000000000000000000000000000000000000000001000000000000000000000000
01111101110101100001101001110111010111001110101011110100001100011100101001110001101000011101000101000000000000000000000000000000000000000000000000000000000000000000000000000000100000000000000000000000
10111010101001001110110101011101001001011101011011011100101111000110011011110100001101000000011111000000000000000000000000000000000000000000000000000000000000000000000000000000010000000000000000000000
10100010111010101000001101010101001001111011000111110100001100111110000100101001101111111000100001000000000000000000000000000000000000000000000000000000000000000000000000000000001000000000000000000000
10101101001001100011110011101110010011110110100100100100001100000101111010100111111001001001111111110000000000000000000000000000000000000000000000000000000000000000000000000000000100000000000000000000
11101101111011110111010000100101100101110010000001001001011110101111110001000100001000101100000000110000000000000000000000000000000000000000000000000000000000000000000000000000000010000000000000000000
11011011011110010001011000011111100010011010011010001001001011110011000011001110001010101100000101000000000000000000000000000000000000000000000000000000000000000000000000000000000001000000000000000000
01000100101011010101111001001010110101111111111010010110100010010110010011100001001100100111011110110000000000000000000000000000000000000000000000000000000000000000000000000000000000100000000000000000
10111101011001000111010100110000010100100110111001000001100001000010110000100100000010001100110000110000000000000000000000000000000000000000000000000000000000000000000000000000000000010000000000000000
01110011110100010011000000111101100101011101101001001001000001011010000111100110110110101010110001010000000000000000000000000000000000000000000000000000000000000000000000000000000000001000000000000000
11110111111011101110000000100010111100001101100011110011110111111111110001001010010011011001100110000000000000000000000000000000000000000000000000000000000000000000000000000000000000000100000000000000
10111011100101110010110001111110011010100111010101001100110111100000010100110110111001101000101110000000000000000000000000000000000000000000000000000000000000000000000000000000000000000010000000000000
00000110001110100111010001100110001001110011011110000111010001001101111001001001101101000011111101100000000000000000000000000000000000000000000000000000000000000000000000000000000000000001000000000000
01101000010001011011000000011010111111100000011011101111111110100101001001001111110010110110011111010000000000000000000000000000000000000000000000000000000000000000000000000000000000000000100000000000
00001110001001001100101111001010000101110100111100111101011011000101110110000110111001001011010010100000000000000000000000000000000000000000000000000000000000000000000000000000000000000000010000000000
11100110110111111000011100000000000001001000001110100110011101111001100001001000111001000010001111010000000000000000000000000000000000000000000000000000000000000000000000000000000000000000001000000000
00110010011011111010101111001000001001111010000000101000101111011101001001110010001101000100000111110000000000000000000000000000000000000000000000000000000000000000000000000000000000000000000100000000
01010000101101110000110110110111111110000101100111000101100010010010001100000000001010010010010100110000000000000000000000000000000000000000000000000000000000000000000000000000000000000000000010000000
11111111111011010101111011000001110110001110001010011101101111000111001100011000000000001100101000110000000000000000000000000000000000000000000000000000000000000000000000000000000000000000000001000000
00100000011111001000010110011100001111011001011100110001000110001100101001110110100010010100001100010000000000000000000000000000000000000000000000000000000000000000000000000000000000000000000000100000
10010111110100101000100101111100100101001110100001110001011110110111000000011101100101100101101010110000000000000000000000000000000000000000000000000000000000000000000000000000000000000000000000010000
11010000101110111110000001100110101101110110000101011110001101101100111110101110110101101100110110100000000000000000000000000000000000000000000000000000000000000000000000000000000000000000000000001000
01110101001110001000011000000000000111010000010010101110111010100001110010000101001010001110101011100000000000000000000000000000000000000000000000000000000000000000000000000000000000000000000000000100
01010101110100101001000011001100101010010110011101110010101101000001001011010101110001010111001000000000000000000000000000000000000000000000000000000000000000000000000000000000000000000000000000000010
01010010001110111011010100100111010110010011001000001010001011001001010100001010010111101101010110010000000000000000000000000000000000000000000000000000000000000000000000000000000000000000000000000001
